kernel line : count latency dram_traffic smem_bk_conflicts smem_warp gmem_access_generated gmem_warp exposed_latency warp_divergence
_2.ptx 68 : 262144 4896352 128 0 0 0 0 0 0 
_2.ptx 69 : 262144 2252864 0 0 0 0 0 0 0 
_2.ptx 70 : 262144 2071328 0 0 0 0 0 0 0 
_2.ptx 71 : 262144 2472320 0 0 0 0 0 0 0 
_2.ptx 72 : 262144 3199008 0 0 0 0 0 0 0 
_2.ptx 73 : 262144 2365760 0 0 0 0 0 0 0 
_2.ptx 74 : 262144 2359808 0 0 0 0 0 0 0 
_2.ptx 76 : 262144 2374528 0 0 0 0 0 0 0 
_2.ptx 77 : 262144 2171872 0 0 0 0 0 0 0 
_2.ptx 78 : 262144 2211392 0 0 0 0 0 0 0 
_2.ptx 79 : 262144 3211808 0 0 0 0 0 0 0 
_2.ptx 80 : 262144 3219360 0 0 0 0 0 0 0 
_2.ptx 81 : 262144 3089216 0 0 0 0 0 0 0 
_2.ptx 82 : 262144 2377824 0 0 0 0 0 0 0 
_2.ptx 84 : 262144 2162752 0 0 0 0 0 0 0 
_2.ptx 85 : 262144 2200768 0 0 0 0 0 0 0 
_2.ptx 86 : 262144 3202464 0 0 0 0 0 0 0 
_2.ptx 87 : 262144 2366048 0 0 0 0 0 0 0 
_2.ptx 89 : 262144 2168736 0 0 0 0 0 0 0 
_2.ptx 90 : 262144 2213632 0 0 0 0 0 0 0 
_2.ptx 91 : 262144 2135872 0 0 0 0 0 0 0 
_2.ptx 92 : 262144 3153024 0 0 0 0 0 0 0 
_2.ptx 93 : 262144 3200064 0 0 0 0 0 0 0 
_2.ptx 94 : 262144 2363072 0 0 0 0 0 0 0 
_2.ptx 96 : 262144 2154528 0 0 0 0 0 0 0 
_2.ptx 97 : 262144 2199328 0 0 0 0 0 0 0 
_2.ptx 98 : 262144 2124608 0 0 0 0 0 0 0 
_2.ptx 99 : 262144 2342688 0 0 0 0 0 0 0 
_2.ptx 100 : 262144 2120448 0 0 0 0 0 0 0 
_2.ptx 101 : 262144 2334880 0 0 0 0 0 0 0 
_2.ptx 102 : 262144 2907712 0 0 0 0 0 0 0 
_2.ptx 103 : 262144 3192224 0 0 0 0 0 0 0 
_2.ptx 104 : 262144 3029280 0 0 0 0 0 0 0 
_2.ptx 105 : 262144 3184256 0 0 0 0 0 0 0 
_2.ptx 106 : 262144 1685536 0 16384 8192 0 0 0 0 
_2.ptx 108 : 262144 2058400 0 0 0 0 0 0 0 
_2.ptx 109 : 262144 3052128 0 0 0 0 0 0 0 
_2.ptx 110 : 262144 2325664 0 0 0 0 0 0 0 
_2.ptx 112 : 262144 2104736 0 0 0 0 0 0 0 
_2.ptx 113 : 262144 3014464 0 0 0 0 0 0 0 
_2.ptx 114 : 262144 2356256 0 0 0 0 0 0 0 
_2.ptx 116 : 262144 2143424 0 0 0 0 0 0 0 
_2.ptx 117 : 262144 2374336 0 0 0 0 0 0 0 
_2.ptx 119 : 262144 2142208 0 0 0 0 0 0 0 
_2.ptx 120 : 262144 2325728 0 0 0 0 0 0 0 
_2.ptx 121 : 262144 2323104 0 0 0 0 0 0 0 
_2.ptx 122 : 262144 2319872 0 0 0 0 0 0 0 
_2.ptx 123 : 262144 2435296 0 0 0 0 0 0 0 
_2.ptx 124 : 262144 0 0 0 0 0 0 0 0 
_2.ptx 127 : 24641536 213035904 0 0 0 0 0 0 0 
_2.ptx 128 : 24641536 214943840 0 0 0 0 0 0 0 
_2.ptx 129 : 24641536 225153536 0 0 0 0 0 0 0 
_2.ptx 130 : 24641536 212302336 0 0 0 0 0 0 0 
_2.ptx 131 : 24641536 211732704 0 0 0 0 0 0 0 
_2.ptx 132 : 24641536 214394720 0 0 0 0 0 0 0 
_2.ptx 133 : 24641536 226141504 0 0 0 0 0 0 0 
_2.ptx 134 : 24641536 213323424 0 0 0 0 0 0 0 
_2.ptx 135 : 24641536 229534688 0 0 0 0 0 0 0 
_2.ptx 136 : 24641536 189140448 0 0 0 0 0 0 0 
_2.ptx 137 : 24641536 225543200 0 0 0 0 0 0 0 
_2.ptx 138 : 24641536 126489696 0 0 0 0 0 0 0 
_2.ptx 140 : 8388608 74527680 0 0 0 0 0 0 0 
_2.ptx 141 : 8388608 65711904 0 0 0 0 0 0 0 
_2.ptx 142 : 8388608 77720960 0 0 0 0 0 0 0 
_2.ptx 143 : 8388608 74163328 0 0 0 0 0 0 0 
_2.ptx 144 : 8388608 66363488 0 0 0 0 0 0 0 
_2.ptx 145 : 8388608 67082592 0 0 0 0 0 0 0 
_2.ptx 146 : 8388608 65503104 0 0 0 0 0 0 0 
_2.ptx 147 : 8388608 102182880 0 0 0 0 0 0 0 
_2.ptx 148 : 8388608 104296640 0 0 0 0 0 0 0 
_2.ptx 149 : 8388608 65495648 0 0 0 0 0 0 0 
_2.ptx 150 : 8388608 79690080 0 0 0 0 0 0 0 
_2.ptx 151 : 8388608 75105632 0 0 0 0 0 0 0 
_2.ptx 152 : 8388608 79209216 0 0 0 0 0 0 0 
_2.ptx 153 : 8388608 65329792 0 0 0 0 0 0 0 
_2.ptx 154 : 8388608 77904032 0 0 0 0 0 0 0 
_2.ptx 155 : 8388608 65566587 0 0 0 0 0 0 1024 
_2.ptx 157 : 1024 8985 0 0 0 0 0 0 0 
_2.ptx 158 : 1024 3302 0 0 0 0 0 0 0 
_2.ptx 159 : 1024 8887 0 0 0 0 0 0 0 
_2.ptx 160 : 1024 11525 0 0 0 0 0 0 0 
_2.ptx 161 : 1024 12416 0 0 0 0 0 0 0 
_2.ptx 162 : 1024 5554 1376 0 0 1024 1024 0 0 
_2.ptx 165 : 8388608 71946336 0 0 0 0 0 0 0 
_2.ptx 166 : 8388608 94248192 0 0 0 0 0 0 0 
_2.ptx 167 : 8388608 72503328 0 0 0 0 0 0 0 
_2.ptx 169 : 8388608 71934944 0 0 0 0 0 0 0 
_2.ptx 170 : 8388608 71503328 0 0 0 0 0 0 0 
_2.ptx 172 : 8388608 26543488 0 0 0 0 0 0 0 
_2.ptx 173 : 8388608 72014496 0 0 0 0 0 0 0 
_2.ptx 174 : 8388608 65644224 0 0 0 0 0 0 0 
_2.ptx 175 : 8388608 99866432 0 0 0 0 0 0 0 
_2.ptx 176 : 8388608 26558304 0 0 0 0 0 0 0 
_2.ptx 177 : 8388608 73320768 0 0 0 0 0 0 0 
_2.ptx 178 : 8388608 67136992 0 0 0 0 0 0 0 
_2.ptx 179 : 8388608 101481408 0 0 0 0 0 0 0 
_2.ptx 180 : 8388608 103547840 0 0 0 0 0 0 0 
_2.ptx 181 : 8388608 102025792 0 0 0 0 0 0 0 
_2.ptx 182 : 8388608 75261824 0 0 0 0 0 0 0 
_2.ptx 183 : 8388608 98893216 0 0 0 0 0 0 0 
_2.ptx 184 : 8388608 102611264 0 0 0 0 0 0 0 
_2.ptx 185 : 8388608 950523872 1125632 0 0 524288 262144 0 0 
_2.ptx 186 : 8388608 65427168 0 0 0 0 0 0 0 
_2.ptx 187 : 8388608 65894784 0 0 0 0 0 0 0 
_2.ptx 188 : 8388608 73297728 0 0 0 0 0 0 0 
_2.ptx 189 : 8388608 66410112 0 0 0 0 0 0 0 
_2.ptx 190 : 8388608 73165504 0 0 0 0 0 0 0 
_2.ptx 191 : 8388608 97082240 0 0 0 0 0 0 0 
_2.ptx 192 : 8388608 101646528 0 0 0 0 0 0 0 
_2.ptx 193 : 8388608 97243872 0 0 0 0 0 0 0 
_2.ptx 194 : 8388608 101285184 0 0 0 0 0 0 0 
_2.ptx 195 : 8388608 54331040 0 524288 262144 0 0 0 0 
_2.ptx 197 : 8388608 29618912 0 0 0 0 0 0 0 
_2.ptx 198 : 8388608 62981856 0 0 0 0 0 0 0 
_2.ptx 199 : 8388608 70902752 0 0 0 0 0 0 0 
_2.ptx 200 : 8388608 99196928 0 0 0 0 0 0 0 
_2.ptx 201 : 8388608 28127968 0 0 0 0 0 0 0 
_2.ptx 202 : 8388608 73602624 0 0 0 0 0 0 0 
_2.ptx 203 : 8388608 66655712 0 0 0 0 0 0 0 
_2.ptx 204 : 8388608 101085536 0 0 0 0 0 0 0 
_2.ptx 205 : 8388608 102811232 0 0 0 0 0 0 0 
_2.ptx 206 : 8388608 101573568 0 0 0 0 0 0 0 
_2.ptx 207 : 8388608 74623968 0 0 0 0 0 0 0 
_2.ptx 208 : 8388608 98056384 0 0 0 0 0 0 0 
_2.ptx 209 : 8388608 102090624 0 0 0 0 0 0 0 
_2.ptx 210 : 8388608 1898623296 33907968 0 0 524288 262144 0 0 
_2.ptx 211 : 8388608 65283712 0 0 0 0 0 0 0 
_2.ptx 212 : 8388608 65644832 0 0 0 0 0 0 0 
_2.ptx 213 : 8388608 73355872 0 0 0 0 0 0 0 
_2.ptx 214 : 8388608 66593632 0 0 0 0 0 0 0 
_2.ptx 215 : 8388608 73358080 0 0 0 0 0 0 0 
_2.ptx 216 : 8388608 96278528 0 0 0 0 0 0 0 
_2.ptx 217 : 8388608 101814112 0 0 0 0 0 0 0 
_2.ptx 218 : 8388608 96573888 0 0 0 0 0 0 0 
_2.ptx 219 : 8388608 101302688 0 0 0 0 0 0 0 
_2.ptx 220 : 8388608 53531776 0 524288 262144 0 0 0 0 
_2.ptx 222 : 8388608 61523392 0 0 0 0 0 0 0 
_2.ptx 224 : 8388608 65543360 0 0 0 0 0 0 0 
_2.ptx 225 : 8388608 71943200 0 0 0 0 0 0 0 
_2.ptx 226 : 8388608 74924896 0 0 0 0 0 0 0 
_2.ptx 227 : 8388608 66304448 0 0 0 0 0 0 0 
_2.ptx 228 : 8388608 76995424 0 0 0 0 0 0 0 
_2.ptx 229 : 8388608 0 0 0 0 0 0 0 0 
_2.ptx 232 : 134217728 1093798656 0 0 0 0 0 0 0 
_2.ptx 233 : 134217728 1112387232 0 0 0 0 0 0 0 
_2.ptx 234 : 134217728 1209807456 0 0 0 0 0 0 0 
_2.ptx 235 : 134217728 1097084384 0 0 0 0 0 0 0 
_2.ptx 236 : 134217728 1175464992 0 0 0 0 0 0 0 
_2.ptx 237 : 134217728 1535677504 0 0 0 0 0 0 0 
_2.ptx 238 : 134217728 1634521536 0 0 0 0 0 0 0 
_2.ptx 239 : 134217728 1531160448 0 0 0 0 0 0 0 
_2.ptx 240 : 134217728 1640453248 0 0 0 0 0 0 0 
_2.ptx 241 : 134217728 1292655808 0 8388608 4194304 0 0 0 0 
_2.ptx 242 : 134217728 1071710048 0 0 0 0 0 0 0 
_2.ptx 243 : 134217728 1192628896 0 0 0 0 0 0 0 
_2.ptx 244 : 134217728 1204836928 0 0 0 0 0 0 0 
_2.ptx 245 : 134217728 1094599744 0 0 0 0 0 0 0 
_2.ptx 246 : 134217728 1177094208 0 0 0 0 0 0 0 
_2.ptx 247 : 134217728 1541332672 0 0 0 0 0 0 0 
_2.ptx 248 : 134217728 1636056416 0 0 0 0 0 0 0 
_2.ptx 249 : 134217728 1536273792 0 0 0 0 0 0 0 
_2.ptx 250 : 134217728 1639799616 0 0 0 0 0 0 0 
_2.ptx 251 : 134217728 1296821760 0 8388608 4194304 0 0 0 0 
_2.ptx 252 : 134217728 1080122496 0 0 0 0 0 0 0 
_2.ptx 253 : 134217728 1103142048 0 0 0 0 0 0 0 
_2.ptx 254 : 134217728 1185437920 0 0 0 0 0 0 0 
_2.ptx 255 : 134217728 1198446784 0 0 0 0 0 0 0 
_2.ptx 256 : 134217728 1179687648 0 0 0 0 0 0 0 
_2.ptx 257 : 134217728 1549741472 0 0 0 0 0 0 0 
_2.ptx 258 : 134217728 1640407264 0 0 0 0 0 0 0 
_2.ptx 259 : 134217728 1536580160 0 0 0 0 0 0 0 
_2.ptx 260 : 134217728 1644352352 0 0 0 0 0 0 0 
_2.ptx 261 : 134217728 1169318784 0 4194304 4194304 0 0 0 0 
_2.ptx 262 : 134217728 1881808576 0 0 0 0 0 0 0 
_2.ptx 263 : 134217728 1035815808 0 0 0 0 0 0 0 
_2.ptx 264 : 134217728 1110266688 0 0 0 0 0 0 0 
_2.ptx 265 : 134217728 1211224864 0 0 0 0 0 0 0 
_2.ptx 266 : 134217728 1095312320 0 0 0 0 0 0 0 
_2.ptx 267 : 134217728 1197858464 0 0 0 0 0 0 0 
_2.ptx 268 : 134217728 1526031392 0 0 0 0 0 0 0 
_2.ptx 269 : 134217728 1643536544 0 0 0 0 0 0 0 
_2.ptx 270 : 134217728 1529411232 0 0 0 0 0 0 0 
_2.ptx 271 : 134217728 1645426912 0 0 0 0 0 0 0 
_2.ptx 272 : 134217728 861577984 0 8388608 4194304 0 0 0 0 
_2.ptx 274 : 134217728 1163697632 0 0 0 0 0 0 0 
_2.ptx 275 : 134217728 1558893728 0 0 0 0 0 0 0 
_2.ptx 276 : 134217728 1205047616 0 0 0 0 0 0 0 
_2.ptx 277 : 134217728 1218842688 0 0 0 0 0 0 0 
_2.ptx 278 : 134217728 1107913568 0 0 0 0 0 0 0 
_2.ptx 279 : 134217728 1255040992 0 0 0 0 0 0 0 
_2.ptx 280 : 134217728 1018730944 0 0 0 0 0 0 0 
_2.ptx 283 : 8388608 65732512 0 0 0 0 0 0 0 
_2.ptx 285 : 8388608 72094592 0 0 0 0 0 0 0 
_2.ptx 286 : 8388608 96229984 0 0 0 0 0 0 0 
_2.ptx 287 : 8388608 77974464 0 0 0 0 0 0 0 
_2.ptx 290 : 24641536 213172512 0 0 0 0 0 0 0 
_2.ptx 291 : 24641536 283270368 0 0 0 0 0 0 0 
_2.ptx 292 : 24641536 218008576 0 0 0 0 0 0 0 
_2.ptx 293 : 24641536 212405344 0 0 0 0 0 0 0 
_2.ptx 294 : 24641536 213823040 0 0 0 0 0 0 0 
_2.ptx 295 : 24641536 223575776 0 0 0 0 0 0 0 
_2.ptx 296 : 24641536 191419968 0 0 0 0 0 0 0 
_2.ptx 299 : 262144 2114304 0 0 0 0 0 0 0 
_2.ptx 300 : 262144 2042720 0 0 0 0 0 0 0 
_2.ptx 301 : 262144 2227232 0 0 0 0 0 0 0 
_2.ptx 302 : 262144 2061088 0 0 0 0 0 0 0 
_2.ptx 303 : 262144 2227744 0 0 0 0 0 0 0 
_2.ptx 304 : 262144 3010112 0 0 0 0 0 0 0 
_2.ptx 305 : 262144 3143008 0 0 0 0 0 0 0 
_2.ptx 306 : 262144 3020224 0 0 0 0 0 0 0 
_2.ptx 307 : 262144 3157696 0 0 0 0 0 0 0 
_2.ptx 308 : 262144 2681792 0 16384 8192 0 0 0 0 
_2.ptx 309 : 262144 1054048 0 0 0 0 0 0 0 
_2.ptx 310 : 262144 1987872 0 0 0 0 0 0 0 
_2.ptx 311 : 262144 2225056 0 0 0 0 0 0 0 
_2.ptx 312 : 262144 3113248 0 0 0 0 0 0 0 
_2.ptx 313 : 262144 867552 0 0 0 0 0 0 0 
_2.ptx 314 : 262144 2292608 0 0 0 0 0 0 0 
_2.ptx 315 : 262144 2113536 0 0 0 0 0 0 0 
_2.ptx 316 : 262144 3136064 0 0 0 0 0 0 0 
_2.ptx 317 : 262144 3206368 0 0 0 0 0 0 0 
_2.ptx 318 : 262144 3159520 0 0 0 0 0 0 0 
_2.ptx 319 : 262144 2287520 0 0 0 0 0 0 0 
_2.ptx 320 : 262144 2981536 0 0 0 0 0 0 0 
_2.ptx 321 : 262144 3138400 0 0 0 0 0 0 0 
_2.ptx 322 : 262144 1740864 593536 0 0 16384 8192 0 0 
_2.ptx 324 : 262144 1987584 0 0 0 0 0 0 0 
