kernel line : count latency dram_traffic smem_bk_conflicts smem_warp gmem_access_generated gmem_warp exposed_latency warp_divergence
_2.ptx 64 : 73728 442368 0 0 0 0 0 0 0 0 0 
_2.ptx 66 : 73728 442368 0 0 0 0 0 0 0 0 0 
_2.ptx 69 : 73728 442368 0 0 0 0 0 0 0 0 0 
_2.ptx 70 : 73728 517888 0 0 0 0 0 0 0 0 0 
_2.ptx 71 : 73728 516096 0 0 0 0 0 0 0 0 0 
_2.ptx 72 : 73728 966784 0 0 0 0 0 0 0 0 0 
_2.ptx 73 : 73728 529952 0 0 0 0 0 0 0 0 0 
_2.ptx 75 : 73728 471968 0 0 0 0 0 0 0 0 0 
_2.ptx 76 : 73728 461056 0 0 0 0 0 0 0 0 0 
_2.ptx 77 : 73728 598304 0 0 0 0 0 0 0 0 0 
_2.ptx 78 : 73728 295680 0 0 0 0 0 0 0 0 0 
_2.ptx 79 : 24576 177408 0 0 0 0 0 0 0 0 0 
_2.ptx 80 : 24576 152192 0 0 0 0 0 0 0 0 0 
_2.ptx 81 : 24576 153024 0 0 0 0 0 0 0 0 0 
_2.ptx 82 : 24576 411200 0 0 0 0 0 0 0 0 0 
_2.ptx 83 : 24576 4198592 0 0 0 0 0 0 0 0 0 
_2.ptx 84 : 24576 182656 0 0 0 0 0 0 0 0 0 
_2.ptx 85 : 24576 180896 0 0 0 0 0 0 0 0 0 
_2.ptx 86 : 24576 159872 0 0 0 0 0 0 0 0 0 
_2.ptx 87 : 24576 154752 0 0 0 0 0 0 0 0 0 
_2.ptx 88 : 24576 151680 0 0 0 0 0 0 0 0 0 
_2.ptx 89 : 24576 276224 0 0 0 0 0 0 0 0 0 
_2.ptx 90 : 24576 275328 0 0 0 0 0 0 0 0 0 
_2.ptx 91 : 24576 277760 0 0 0 0 0 0 0 0 0 
_2.ptx 92 : 24576 183360 0 0 0 0 0 0 0 0 0 
_2.ptx 94 : 24576 160896 0 0 0 0 0 0 0 0 0 
_2.ptx 95 : 24576 158912 0 0 0 0 0 0 0 0 0 
_2.ptx 96 : 24576 208000 0 0 0 0 0 0 0 0 0 
_2.ptx 97 : 24576 193600 0 0 0 0 0 0 0 0 0 
_2.ptx 98 : 24576 158848 0 0 0 0 0 0 0 0 0 
_2.ptx 99 : 24576 156512 0 0 0 0 0 0 0 0 0 
_2.ptx 100 : 24576 207808 0 0 0 0 0 0 0 0 0 
_2.ptx 101 : 24576 181984 0 0 0 0 0 0 0 0 0 
_2.ptx 102 : 24576 205216 0 0 0 0 0 0 0 0 0 
_2.ptx 103 : 24576 156128 0 0 0 0 0 0 0 0 0 
_2.ptx 104 : 24576 203808 0 0 0 0 0 0 0 0 0 
_2.ptx 105 : 24576 76256 0 0 0 0 0 0 0 0 0 
_2.ptx 106 : 12288 79200 0 0 0 0 0 0 0 0 0 
_2.ptx 107 : 12288 77888 0 0 0 0 0 0 0 0 0 
_2.ptx 108 : 12288 102144 0 0 0 0 0 0 0 0 0 
_2.ptx 109 : 12288 0 0 0 0 0 0 0 0 0 0 
_2.ptx 112 : 442368 2660736 0 0 0 0 0 0 0 0 0 
_2.ptx 113 : 442368 2674624 0 0 0 0 0 0 0 0 0 
_2.ptx 114 : 442368 3546464 0 0 0 0 0 0 0 0 0 
_2.ptx 115 : 442368 1335456 0 0 0 0 0 0 0 0 0 
_2.ptx 116 : 221184 1331872 0 0 0 0 0 0 0 0 0 
_2.ptx 117 : 221184 1569664 0 0 0 0 0 0 0 0 0 
_2.ptx 118 : 221184 1580576 0 0 0 0 0 0 0 0 0 
_2.ptx 119 : 221184 1618560 0 0 0 0 0 0 0 0 0 
_2.ptx 120 : 221184 1821088 0 0 0 0 0 0 0 0 0 
_2.ptx 121 : 221184 0 0 0 0 0 0 0 0 0 0 
_2.ptx 124 : 884736 2837632 0 0 0 0 0 0 0 0 0 
_2.ptx 125 : 884736 6359744 0 0 0 0 0 0 0 0 0 
_2.ptx 126 : 884736 6510880 0 0 0 0 0 0 0 0 0 
_2.ptx 127 : 884736 5729952 0 0 0 0 0 0 0 0 0 
_2.ptx 128 : 884736 6427872 0 0 0 0 0 0 0 0 0 
_2.ptx 129 : 884736 10109728 0 0 0 0 0 0 0 0 0 
_2.ptx 130 : 884736 5592352 0 0 0 0 0 0 0 0 0 
_2.ptx 131 : 884736 6616800 0 0 0 0 0 0 0 0 0 
_2.ptx 132 : 884736 5805120 0 0 0 0 0 0 0 0 0 
_2.ptx 133 : 884736 5899168 0 0 0 0 0 0 0 0 0 
_2.ptx 134 : 884736 5704192 0 0 0 0 0 0 0 0 0 
_2.ptx 135 : 884736 9196928 0 0 0 0 0 0 0 0 0 
_2.ptx 136 : 884736 10174368 0 0 0 0 0 0 0 0 0 
_2.ptx 137 : 884736 9813920 0 0 0 0 0 0 0 0 0 
_2.ptx 138 : 884736 10400416 0 0 0 0 0 0 0 0 0 
_2.ptx 139 : 884736 10521824 0 0 0 0 0 0 0 0 0 
_2.ptx 140 : 884736 5478144 0 0 0 0 0 0 0 0 0 
_2.ptx 141 : 884736 6435936 0 0 0 0 0 0 0 0 0 
_2.ptx 142 : 884736 10669568 0 0 0 0 0 0 0 0 0 
_2.ptx 143 : 884736 9824224 0 0 0 0 0 0 0 0 0 
_2.ptx 144 : 884736 9486432 0 0 0 0 0 0 0 0 0 
_2.ptx 145 : 884736 9815008 0 0 0 0 0 0 0 0 0 
_2.ptx 146 : 884736 9817824 0 0 0 0 0 0 0 0 0 
_2.ptx 147 : 884736 9812128 0 0 0 0 0 0 0 0 0 
_2.ptx 148 : 884736 6392896 0 0 0 0 0 0 0 0 0 
_2.ptx 149 : 884736 9253408 0 0 0 0 0 0 0 0 0 
_2.ptx 150 : 884736 9817312 0 0 0 0 0 0 0 0 0 
_2.ptx 151 : 884736 117665152 3538944 0 0 0 0 110592 27648 0 0 
_2.ptx 152 : 884736 6344224 0 0 0 0 0 0 0 0 0 
_2.ptx 153 : 884736 6370560 0 0 0 0 0 0 0 0 0 
_2.ptx 154 : 884736 6387136 0 0 0 0 0 0 0 0 0 
_2.ptx 155 : 884736 9827520 0 0 0 0 0 0 0 0 0 
_2.ptx 156 : 884736 6390144 0 0 0 0 0 0 0 0 0 
_2.ptx 157 : 884736 9239520 0 0 0 0 0 0 0 0 0 
_2.ptx 158 : 884736 9813280 0 0 0 0 0 0 0 0 0 
_2.ptx 159 : 884736 7328448 0 0 0 110592 27648 0 0 0 0 
_2.ptx 160 : 884736 6329824 0 0 0 0 0 0 0 0 0 
_2.ptx 161 : 884736 9010752 0 0 0 0 0 0 0 0 0 
_2.ptx 162 : 884736 6408896 0 0 0 0 0 0 0 0 0 
_2.ptx 163 : 884736 6377600 0 0 0 0 0 0 0 0 0 
_2.ptx 164 : 884736 6358784 0 0 0 0 0 0 0 0 0 
_2.ptx 165 : 884736 7179072 0 0 0 0 0 0 0 0 0 
_2.ptx 166 : 884736 4130624 0 0 0 0 0 0 0 0 0 
_2.ptx 168 : 221184 1361280 0 0 0 0 0 0 0 0 0 
_2.ptx 171 : 221184 1337344 0 0 0 0 0 0 0 0 0 
_2.ptx 172 : 221184 1589856 0 0 0 0 0 0 0 0 0 
_2.ptx 173 : 221184 1562112 0 0 0 0 0 0 0 0 0 
_2.ptx 174 : 221184 1673504 0 0 0 0 0 0 0 0 0 
_2.ptx 175 : 221184 1840480 0 0 0 0 0 0 0 0 0 
_2.ptx 176 : 221184 0 0 0 0 0 0 0 0 0 0 
_2.ptx 179 : 884736 2800448 0 0 0 0 0 0 0 0 0 
_2.ptx 180 : 884736 6328000 0 0 0 0 0 0 0 0 0 
_2.ptx 181 : 884736 6349952 0 0 0 0 0 0 0 0 0 
_2.ptx 182 : 884736 6446304 0 0 0 0 0 0 0 0 0 
_2.ptx 183 : 884736 5670848 0 0 0 0 0 0 0 0 0 
_2.ptx 184 : 884736 6403552 0 0 0 0 0 0 0 0 0 
_2.ptx 185 : 884736 5619168 0 0 0 0 0 0 0 0 0 
_2.ptx 186 : 884736 5634496 0 0 0 0 0 0 0 0 0 
_2.ptx 187 : 884736 5539808 0 0 0 0 0 0 0 0 0 
_2.ptx 188 : 884736 10235200 0 0 0 0 0 0 0 0 0 
_2.ptx 189 : 884736 9866240 0 0 0 0 0 0 0 0 0 
_2.ptx 190 : 884736 9451328 0 0 0 0 0 0 0 0 0 
_2.ptx 191 : 884736 8993792 0 0 0 0 0 0 0 0 0 
_2.ptx 192 : 884736 10373344 0 0 0 0 0 0 0 0 0 
_2.ptx 193 : 884736 10534880 0 0 0 0 0 0 0 0 0 
_2.ptx 194 : 884736 5427616 0 0 0 0 0 0 0 0 0 
_2.ptx 195 : 884736 6366912 0 0 0 0 0 0 0 0 0 
_2.ptx 196 : 884736 11003200 0 0 0 0 0 0 0 0 0 
_2.ptx 197 : 884736 10133952 0 0 0 0 0 0 0 0 0 
_2.ptx 198 : 884736 9845280 0 0 0 0 0 0 0 0 0 
_2.ptx 199 : 884736 10009536 0 0 0 0 0 0 0 0 0 
_2.ptx 200 : 884736 5458848 0 0 0 0 0 0 0 0 0 
_2.ptx 201 : 884736 6404928 0 0 0 0 0 0 0 0 0 
_2.ptx 202 : 884736 10166432 0 0 0 0 0 0 0 0 0 
_2.ptx 203 : 884736 9835456 0 0 0 0 0 0 0 0 0 
_2.ptx 204 : 884736 9828288 0 0 0 0 0 0 0 0 0 
_2.ptx 205 : 884736 9829408 0 0 0 0 0 0 0 0 0 
_2.ptx 206 : 884736 6412000 0 0 0 0 0 0 0 0 0 
_2.ptx 207 : 884736 9228704 0 0 0 0 0 0 0 0 0 
_2.ptx 208 : 884736 9827776 0 0 0 0 0 0 0 0 0 
_2.ptx 209 : 884736 138089920 3538944 0 0 0 0 110592 27648 0 0 
_2.ptx 210 : 884736 6372640 0 0 0 0 0 0 0 0 0 
_2.ptx 211 : 884736 6392256 0 0 0 0 0 0 0 0 0 
_2.ptx 212 : 884736 6363744 0 0 0 0 0 0 0 0 0 
_2.ptx 213 : 884736 9827232 0 0 0 0 0 0 0 0 0 
_2.ptx 214 : 884736 6422272 0 0 0 0 0 0 0 0 0 
_2.ptx 215 : 884736 9215936 0 0 0 0 0 0 0 0 0 
_2.ptx 216 : 884736 9821920 0 0 0 0 0 0 0 0 0 
_2.ptx 217 : 884736 7314688 0 0 0 110592 27648 0 0 0 0 
_2.ptx 218 : 884736 6306816 0 0 0 0 0 0 0 0 0 
_2.ptx 219 : 884736 8968736 0 0 0 0 0 0 0 0 0 
_2.ptx 220 : 884736 6381920 0 0 0 0 0 0 0 0 0 
_2.ptx 221 : 884736 6375008 0 0 0 0 0 0 0 0 0 
_2.ptx 222 : 884736 6352288 0 0 0 0 0 0 0 0 0 
_2.ptx 223 : 884736 7173088 0 0 0 0 0 0 0 0 0 
_2.ptx 224 : 884736 4134432 0 0 0 0 0 0 0 0 0 
_2.ptx 227 : 442368 2700416 0 0 0 0 0 0 0 0 0 
_2.ptx 229 : 442368 2654208 0 0 0 0 0 0 0 0 0 
_2.ptx 230 : 442368 2654208 0 0 0 0 0 0 0 0 0 
_2.ptx 231 : 442368 3542784 0 0 0 0 0 0 0 0 0 
_2.ptx 232 : 442368 74528 0 0 0 0 0 0 0 0 0 
_2.ptx 233 : 430080 2637952 0 0 0 0 0 0 0 0 0 
_2.ptx 236 : 12288 73728 0 0 0 0 0 0 0 0 0 
_2.ptx 239 : 12288 74688 0 0 0 0 0 0 0 0 0 
_2.ptx 240 : 12288 76480 0 0 0 0 0 0 0 0 0 
_2.ptx 241 : 12288 100800 0 0 0 0 0 0 0 0 0 
_2.ptx 242 : 12288 0 0 0 0 0 0 0 0 0 0 
_2.ptx 244 : 442368 2688672 0 0 0 0 0 0 0 0 0 
_2.ptx 246 : 442368 2654208 0 0 0 0 0 0 0 0 0 
_2.ptx 247 : 442368 2654208 0 0 0 0 0 0 0 0 0 
_2.ptx 248 : 442368 3541984 0 0 0 0 0 0 0 0 0 
_2.ptx 249 : 442368 1327552 0 0 0 0 0 0 0 0 0 
_2.ptx 250 : 221184 1334976 0 0 0 0 0 0 0 0 0 
_2.ptx 251 : 221184 1622240 0 0 0 0 0 0 0 0 0 
_2.ptx 252 : 221184 1642144 0 0 0 0 0 0 0 0 0 
_2.ptx 253 : 221184 1599264 0 0 0 0 0 0 0 0 0 
_2.ptx 254 : 221184 1815872 0 0 0 0 0 0 0 0 0 
_2.ptx 255 : 221184 0 0 0 0 0 0 0 0 0 0 
_2.ptx 258 : 884736 6463744 0 0 0 0 0 0 0 0 0 
_2.ptx 259 : 884736 6492032 0 0 0 0 0 0 0 0 0 
_2.ptx 260 : 884736 6627872 0 0 0 0 0 0 0 0 0 
_2.ptx 261 : 884736 9999104 0 0 0 0 0 0 0 0 0 
_2.ptx 262 : 884736 6419936 0 0 0 0 0 0 0 0 0 
_2.ptx 263 : 884736 9513120 0 0 0 0 0 0 0 0 0 
_2.ptx 264 : 884736 9837632 0 0 0 0 0 0 0 0 0 
_2.ptx 265 : 884736 27814816 0 0 0 110592 27648 0 0 0 0 
_2.ptx 266 : 884736 17638656 0 0 0 0 0 0 0 0 0 
_2.ptx 267 : 884736 6315328 0 0 0 0 0 0 0 0 0 
_2.ptx 268 : 884736 6436064 0 0 0 0 0 0 0 0 0 
_2.ptx 269 : 884736 5705568 0 0 0 0 0 0 0 0 0 
_2.ptx 270 : 884736 6382400 0 0 0 0 0 0 0 0 0 
_2.ptx 271 : 884736 10258272 0 0 0 0 0 0 0 0 0 
_2.ptx 272 : 884736 5524928 0 0 0 0 0 0 0 0 0 
_2.ptx 273 : 884736 6463264 0 0 0 0 0 0 0 0 0 
_2.ptx 274 : 884736 5895456 0 0 0 0 0 0 0 0 0 
_2.ptx 275 : 884736 5793376 0 0 0 0 0 0 0 0 0 
_2.ptx 276 : 884736 5750208 0 0 0 0 0 0 0 0 0 
_2.ptx 277 : 884736 10518976 0 0 0 0 0 0 0 0 0 
_2.ptx 278 : 884736 9986432 0 0 0 0 0 0 0 0 0 
_2.ptx 279 : 884736 10677920 0 0 0 0 0 0 0 0 0 
_2.ptx 280 : 884736 10599872 0 0 0 0 0 0 0 0 0 
_2.ptx 281 : 884736 5516064 0 0 0 0 0 0 0 0 0 
_2.ptx 282 : 884736 9106688 0 0 0 0 0 0 0 0 0 
_2.ptx 283 : 884736 6772704 0 0 0 0 0 0 0 0 0 
_2.ptx 284 : 884736 10596128 0 0 0 0 0 0 0 0 0 
_2.ptx 285 : 884736 9941440 0 0 0 0 0 0 0 0 0 
_2.ptx 286 : 884736 9600832 0 0 0 0 0 0 0 0 0 
_2.ptx 287 : 884736 9912960 0 0 0 0 0 0 0 0 0 
_2.ptx 288 : 884736 9867264 0 0 0 0 0 0 0 0 0 
_2.ptx 289 : 884736 9840192 0 0 0 0 0 0 0 0 0 
_2.ptx 290 : 884736 6457504 0 0 0 0 0 0 0 0 0 
_2.ptx 291 : 884736 9369120 0 0 0 0 0 0 0 0 0 
_2.ptx 292 : 884736 9834656 0 0 0 0 0 0 0 0 0 
_2.ptx 293 : 884736 37821088 5664640 0 0 0 0 110592 27648 0 0 
_2.ptx 294 : 884736 6363200 0 0 0 0 0 0 0 0 0 
_2.ptx 295 : 884736 9117248 0 0 0 0 0 0 0 0 0 
_2.ptx 296 : 884736 6545568 0 0 0 0 0 0 0 0 0 
_2.ptx 297 : 884736 6483680 0 0 0 0 0 0 0 0 0 
_2.ptx 298 : 884736 6472256 0 0 0 0 0 0 0 0 0 
_2.ptx 299 : 884736 7269568 0 0 0 0 0 0 0 0 0 
_2.ptx 300 : 884736 4186272 0 0 0 0 0 0 0 0 0 
_2.ptx 302 : 221184 1358272 0 0 0 0 0 0 0 0 0 
_2.ptx 305 : 221184 1327136 0 0 0 0 0 0 0 0 0 
_2.ptx 306 : 221184 1614624 0 0 0 0 0 0 0 0 0 
_2.ptx 307 : 221184 1614112 0 0 0 0 0 0 0 0 0 
_2.ptx 308 : 221184 1635392 0 0 0 0 0 0 0 0 0 
_2.ptx 309 : 221184 1798720 0 0 0 0 0 0 0 0 0 
_2.ptx 310 : 221184 0 0 0 0 0 0 0 0 0 0 
_2.ptx 313 : 884736 6404224 0 0 0 0 0 0 0 0 0 
_2.ptx 314 : 884736 6555424 0 0 0 0 0 0 0 0 0 
_2.ptx 315 : 884736 6547232 0 0 0 0 0 0 0 0 0 
_2.ptx 316 : 884736 9998112 0 0 0 0 0 0 0 0 0 
_2.ptx 317 : 884736 6513440 0 0 0 0 0 0 0 0 0 
_2.ptx 318 : 884736 9574432 0 0 0 0 0 0 0 0 0 
_2.ptx 319 : 884736 9900928 0 0 0 0 0 0 0 0 0 
_2.ptx 320 : 884736 26855424 0 0 0 110592 27648 0 0 0 0 
_2.ptx 321 : 884736 16838816 0 0 0 0 0 0 0 0 0 
_2.ptx 322 : 884736 6365920 0 0 0 0 0 0 0 0 0 
_2.ptx 323 : 884736 6395680 0 0 0 0 0 0 0 0 0 
_2.ptx 324 : 884736 6468896 0 0 0 0 0 0 0 0 0 
_2.ptx 325 : 884736 5703488 0 0 0 0 0 0 0 0 0 
_2.ptx 326 : 884736 6540736 0 0 0 0 0 0 0 0 0 
_2.ptx 327 : 884736 10230048 0 0 0 0 0 0 0 0 0 
_2.ptx 328 : 884736 5545728 0 0 0 0 0 0 0 0 0 
_2.ptx 329 : 884736 6581216 0 0 0 0 0 0 0 0 0 
_2.ptx 330 : 884736 5976672 0 0 0 0 0 0 0 0 0 
_2.ptx 331 : 884736 5796992 0 0 0 0 0 0 0 0 0 
_2.ptx 332 : 884736 5849920 0 0 0 0 0 0 0 0 0 
_2.ptx 333 : 884736 10402080 0 0 0 0 0 0 0 0 0 
_2.ptx 334 : 884736 9902400 0 0 0 0 0 0 0 0 0 
_2.ptx 335 : 884736 10659808 0 0 0 0 0 0 0 0 0 
_2.ptx 336 : 884736 10568864 0 0 0 0 0 0 0 0 0 
_2.ptx 337 : 884736 5520480 0 0 0 0 0 0 0 0 0 
_2.ptx 338 : 884736 9179648 0 0 0 0 0 0 0 0 0 
_2.ptx 339 : 884736 6513248 0 0 0 0 0 0 0 0 0 
_2.ptx 340 : 884736 10614912 0 0 0 0 0 0 0 0 0 
_2.ptx 341 : 884736 9953056 0 0 0 0 0 0 0 0 0 
_2.ptx 342 : 884736 9654688 0 0 0 0 0 0 0 0 0 
_2.ptx 343 : 884736 9979712 0 0 0 0 0 0 0 0 0 
_2.ptx 344 : 884736 9999232 0 0 0 0 0 0 0 0 0 
_2.ptx 345 : 884736 9962208 0 0 0 0 0 0 0 0 0 
_2.ptx 346 : 884736 9921472 0 0 0 0 0 0 0 0 0 
_2.ptx 347 : 884736 6617440 0 0 0 0 0 0 0 0 0 
_2.ptx 348 : 884736 9635552 0 0 0 0 0 0 0 0 0 
_2.ptx 349 : 884736 10016064 0 0 0 0 0 0 0 0 0 
_2.ptx 350 : 884736 37099584 5521792 0 0 0 0 110592 27648 0 0 
_2.ptx 351 : 884736 6535584 0 0 0 0 0 0 0 0 0 
_2.ptx 352 : 884736 9263936 0 0 0 0 0 0 0 0 0 
_2.ptx 353 : 884736 6660768 0 0 0 0 0 0 0 0 0 
_2.ptx 354 : 884736 6426016 0 0 0 0 0 0 0 0 0 
_2.ptx 355 : 884736 6856544 0 0 0 0 0 0 0 0 0 
_2.ptx 356 : 884736 7406208 0 0 0 0 0 0 0 0 0 
_2.ptx 357 : 884736 4212512 0 0 0 0 0 0 0 0 0 
_2.ptx 361 : 442368 2706144 0 0 0 0 0 0 0 0 0 
_2.ptx 362 : 442368 2707328 0 0 0 0 0 0 0 0 0 
_2.ptx 363 : 442368 3595488 0 0 0 0 0 0 0 0 0 
_2.ptx 364 : 442368 74848 0 0 0 0 0 0 0 0 0 
_2.ptx 365 : 430080 2624768 0 0 0 0 0 0 0 0 0 
_2.ptx 369 : 24576 148480 0 0 0 0 0 0 0 0 0 
_2.ptx 372 : 49152 294944 0 0 0 0 0 0 0 0 0 
_2.ptx 373 : 49152 346112 0 0 0 0 0 0 0 0 0 
_2.ptx 374 : 49152 317952 0 0 0 0 0 0 0 0 0 
_2.ptx 375 : 49152 349056 0 0 0 0 0 0 0 0 0 
_2.ptx 376 : 49152 1693440 128 0 0 0 0 0 0 0 0 
_2.ptx 377 : 49152 359104 0 0 0 0 0 0 0 0 0 
_2.ptx 378 : 49152 300896 0 0 0 0 0 0 0 0 0 
_2.ptx 379 : 49152 401536 0 0 0 0 0 0 0 0 0 
_2.ptx 380 : 49152 540864 0 0 0 0 0 0 0 0 0 
_2.ptx 381 : 49152 346944 0 0 0 0 0 0 0 0 0 
_2.ptx 382 : 49152 346528 0 0 0 0 0 0 0 0 0 
_2.ptx 383 : 49152 351008 0 0 0 0 0 0 0 0 0 
_2.ptx 384 : 49152 314944 0 0 0 0 0 0 0 0 0 
_2.ptx 385 : 49152 309216 0 0 0 0 0 0 0 0 0 
_2.ptx 386 : 49152 559296 0 0 0 0 0 0 0 0 0 
_2.ptx 387 : 49152 542848 0 0 0 0 0 0 0 0 0 
_2.ptx 388 : 49152 493824 0 0 0 0 0 0 0 0 0 
_2.ptx 389 : 49152 369440 0 0 0 0 0 0 0 0 0 
_2.ptx 390 : 49152 319744 0 0 0 0 0 0 0 0 0 
_2.ptx 391 : 49152 322368 0 0 0 0 0 0 0 0 0 
_2.ptx 392 : 49152 566464 0 0 0 0 0 0 0 0 0 
_2.ptx 393 : 49152 498624 0 0 0 0 0 0 0 0 0 
_2.ptx 394 : 49152 364064 0 0 0 0 0 0 0 0 0 
_2.ptx 395 : 49152 309280 0 0 0 0 0 0 0 0 0 
_2.ptx 397 : 49152 381664 0 0 0 0 0 0 0 0 0 
_2.ptx 400 : 49152 336864 0 0 0 0 0 0 0 0 0 
_2.ptx 401 : 49152 326720 0 0 0 0 0 0 0 0 0 
_2.ptx 402 : 49152 405120 0 0 0 0 0 0 0 0 0 
_2.ptx 403 : 49152 240096 0 0 0 0 0 0 0 0 0 
_2.ptx 406 : 12288 77024 0 0 0 0 0 0 0 0 0 
_2.ptx 407 : 12288 76256 0 0 0 0 0 0 0 0 0 
_2.ptx 408 : 12288 102272 0 0 0 0 0 0 0 0 0 
_2.ptx 409 : 12288 55680 0 0 0 0 0 0 0 0 0 
_2.ptx 412 : 3072 18976 0 0 0 0 0 0 0 0 0 
_2.ptx 413 : 3072 36224 0 0 0 0 0 0 0 0 0 
_2.ptx 414 : 3072 23360 0 0 0 0 0 0 0 0 0 
_2.ptx 418 : 12288 75296 0 0 0 0 0 0 0 0 0 
_2.ptx 419 : 12288 76448 0 0 0 0 0 0 0 0 0 
_2.ptx 420 : 12288 101664 0 0 0 0 0 0 0 0 0 
_2.ptx 421 : 12288 56416 0 0 0 0 0 0 0 0 0 
_2.ptx 424 : 3072 18560 0 0 0 0 0 0 0 0 0 
_2.ptx 425 : 3072 32704 0 0 0 0 0 0 0 0 0 
_2.ptx 426 : 3072 21792 0 0 0 0 0 0 0 0 0 
_2.ptx 428 : 12288 74656 0 0 0 0 0 0 0 0 0 
_2.ptx 430 : 36864 229760 0 0 0 0 0 0 0 0 0 
_2.ptx 431 : 36864 448736 0 0 0 0 0 0 0 0 0 
_2.ptx 432 : 36864 266080 0 0 0 0 0 0 0 0 0 
_2.ptx 433 : 36864 237280 0 0 0 0 0 0 0 0 0 
_2.ptx 434 : 36864 409760 0 0 0 0 0 0 0 0 0 
_2.ptx 435 : 36864 265472 0 0 0 0 0 0 0 0 0 
_2.ptx 437 : 49152 299520 0 0 0 0 0 0 0 0 0 
_2.ptx 438 : 49152 367936 0 0 0 0 0 0 0 0 0 
_2.ptx 439 : 49152 315616 0 0 0 0 0 0 0 0 0 
_2.ptx 440 : 49152 371616 0 0 0 0 0 0 0 0 0 
_2.ptx 441 : 49152 353088 0 0 0 0 0 0 0 0 0 
_2.ptx 442 : 49152 372832 0 0 0 0 0 0 0 0 0 
_2.ptx 443 : 49152 417984 0 0 0 0 0 0 0 0 0 
_2.ptx 444 : 49152 0 0 0 0 0 0 0 0 0 0 
_2.ptx 446 : 1720320 12068928 0 0 0 0 0 0 0 0 0 
_2.ptx 447 : 1720320 21687456 0 0 0 0 0 0 0 0 0 
_2.ptx 448 : 1720320 12093408 0 0 0 0 0 0 0 0 0 
_2.ptx 449 : 1720320 12929440 0 0 0 0 0 0 0 0 0 
_2.ptx 450 : 1720320 13161984 0 0 0 0 0 0 0 0 0 
_2.ptx 453 : 1720320 10803872 0 0 0 0 0 0 0 0 0 
_2.ptx 454 : 1720320 11025280 0 0 0 0 0 0 0 0 0 
_2.ptx 455 : 1720320 14204064 0 0 0 0 0 0 0 0 0 
_2.ptx 456 : 1720320 8568640 0 0 0 0 0 0 0 0 0 
_2.ptx 459 : 430080 2725056 0 0 0 0 0 0 0 0 0 
_2.ptx 460 : 430080 2698688 0 0 0 0 0 0 0 0 0 
_2.ptx 461 : 430080 3472864 0 0 0 0 0 0 0 0 0 
_2.ptx 462 : 430080 1940480 0 0 0 0 0 0 0 0 0 
_2.ptx 465 : 107520 693600 0 0 0 0 0 0 0 0 0 
_2.ptx 466 : 107520 777312 0 0 0 0 0 0 0 0 0 
_2.ptx 467 : 107520 869344 0 0 0 0 0 0 0 0 0 
_2.ptx 468 : 107520 848832 0 0 0 0 0 0 0 0 0 
_2.ptx 469 : 107520 770112 0 0 0 0 0 0 0 0 0 
_2.ptx 470 : 107520 808160 0 0 0 0 0 0 0 0 0 
_2.ptx 471 : 107520 906688 0 0 0 0 0 0 0 0 0 
_2.ptx 472 : 107520 831712 0 0 0 0 0 0 0 0 0 
_2.ptx 473 : 107520 917824 0 0 0 0 0 0 0 0 0 
_2.ptx 474 : 107520 684736 0 0 0 0 0 0 0 0 0 
_2.ptx 475 : 107520 897504 0 0 0 0 0 0 0 0 0 
_2.ptx 476 : 107520 426688 0 0 0 0 0 0 0 0 0 
_2.ptx 477 : 36864 110592 0 0 0 0 0 0 0 0 0 
_2.ptx 478 : 36864 279520 0 0 0 0 0 0 0 0 0 
_2.ptx 479 : 36864 239936 0 0 0 0 0 0 0 0 0 
_2.ptx 480 : 36864 424480 0 0 0 0 0 0 0 0 0 
_2.ptx 481 : 36864 110592 0 0 0 0 0 0 0 0 0 
_2.ptx 482 : 36864 278208 0 0 0 0 0 0 0 0 0 
_2.ptx 483 : 36864 249760 0 0 0 0 0 0 0 0 0 
_2.ptx 484 : 36864 423008 0 0 0 0 0 0 0 0 0 
_2.ptx 485 : 36864 432384 0 0 0 0 0 0 0 0 0 
_2.ptx 486 : 36864 410080 0 0 0 0 0 0 0 0 0 
_2.ptx 487 : 36864 268768 0 0 0 0 0 0 0 0 0 
_2.ptx 488 : 36864 395104 0 0 0 0 0 0 0 0 0 
_2.ptx 489 : 36864 415168 0 0 0 0 0 0 0 0 0 
_2.ptx 490 : 36864 6599200 147456 0 0 0 0 2304 1152 0 0 
_2.ptx 491 : 36864 226592 0 0 0 0 0 0 0 0 0 
_2.ptx 492 : 36864 229888 0 0 0 0 0 0 0 0 0 
_2.ptx 493 : 36864 266304 0 0 0 0 0 0 0 0 0 
_2.ptx 494 : 36864 233504 0 0 0 0 0 0 0 0 0 
_2.ptx 495 : 36864 265472 0 0 0 0 0 0 0 0 0 
_2.ptx 496 : 36864 389248 0 0 0 0 0 0 0 0 0 
_2.ptx 497 : 36864 411296 0 0 0 0 0 0 0 0 0 
_2.ptx 498 : 36864 400384 0 0 0 0 0 0 0 0 0 
_2.ptx 499 : 36864 408256 0 0 0 0 0 0 0 0 0 
_2.ptx 500 : 36864 186208 0 0 0 1152 1152 0 0 0 0 
_2.ptx 501 : 36864 261184 0 0 0 0 0 0 0 0 0 
_2.ptx 502 : 36864 373440 0 0 0 0 0 0 0 0 0 
_2.ptx 503 : 36864 266048 0 0 0 0 0 0 0 0 0 
_2.ptx 508 : 430080 2617824 0 0 0 0 0 0 0 0 0 
_2.ptx 509 : 430080 2612704 0 0 0 0 0 0 0 0 0 
_2.ptx 510 : 430080 3500768 0 0 0 0 0 0 0 0 0 
_2.ptx 511 : 430080 1965056 0 0 0 0 0 0 0 0 0 
_2.ptx 514 : 107520 668960 0 0 0 0 0 0 0 0 0 
_2.ptx 515 : 107520 758208 0 0 0 0 0 0 0 0 0 
_2.ptx 516 : 107520 893824 0 0 0 0 0 0 0 0 0 
_2.ptx 517 : 107520 847584 0 0 0 0 0 0 0 0 0 
_2.ptx 518 : 107520 846880 0 0 0 0 0 0 0 0 0 
_2.ptx 519 : 107520 777152 0 0 0 0 0 0 0 0 0 
_2.ptx 520 : 107520 951616 0 0 0 0 0 0 0 0 0 
_2.ptx 521 : 107520 820288 0 0 0 0 0 0 0 0 0 
_2.ptx 522 : 107520 876224 0 0 0 0 0 0 0 0 0 
_2.ptx 523 : 107520 661056 0 0 0 0 0 0 0 0 0 
_2.ptx 524 : 107520 896480 0 0 0 0 0 0 0 0 0 
_2.ptx 525 : 107520 429824 0 0 0 0 0 0 0 0 0 
_2.ptx 526 : 36864 110592 0 0 0 0 0 0 0 0 0 
_2.ptx 527 : 36864 262848 0 0 0 0 0 0 0 0 0 
_2.ptx 528 : 36864 231072 0 0 0 0 0 0 0 0 0 
_2.ptx 529 : 36864 417440 0 0 0 0 0 0 0 0 0 
_2.ptx 530 : 36864 110592 0 0 0 0 0 0 0 0 0 
_2.ptx 531 : 36864 264288 0 0 0 0 0 0 0 0 0 
_2.ptx 532 : 36864 236768 0 0 0 0 0 0 0 0 0 
_2.ptx 533 : 36864 418528 0 0 0 0 0 0 0 0 0 
_2.ptx 534 : 36864 422880 0 0 0 0 0 0 0 0 0 
_2.ptx 535 : 36864 408640 0 0 0 0 0 0 0 0 0 
_2.ptx 536 : 36864 264448 0 0 0 0 0 0 0 0 0 
_2.ptx 537 : 36864 386688 0 0 0 0 0 0 0 0 0 
_2.ptx 538 : 36864 414048 0 0 0 0 0 0 0 0 0 
_2.ptx 539 : 36864 11738816 147456 0 0 0 0 2304 1152 0 0 
_2.ptx 540 : 36864 233632 0 0 0 0 0 0 0 0 0 
_2.ptx 541 : 36864 239136 0 0 0 0 0 0 0 0 0 
_2.ptx 542 : 36864 272800 0 0 0 0 0 0 0 0 0 
_2.ptx 543 : 36864 241952 0 0 0 0 0 0 0 0 0 
_2.ptx 544 : 36864 267808 0 0 0 0 0 0 0 0 0 
_2.ptx 545 : 36864 386400 0 0 0 0 0 0 0 0 0 
_2.ptx 546 : 36864 412864 0 0 0 0 0 0 0 0 0 
_2.ptx 547 : 36864 391392 0 0 0 0 0 0 0 0 0 
_2.ptx 548 : 36864 407520 0 0 0 0 0 0 0 0 0 
_2.ptx 549 : 36864 184704 0 0 0 1152 1152 0 0 0 0 
_2.ptx 550 : 36864 258560 0 0 0 0 0 0 0 0 0 
_2.ptx 551 : 36864 368960 0 0 0 0 0 0 0 0 0 
_2.ptx 552 : 36864 260992 0 0 0 0 0 0 0 0 0 
_2.ptx 555 : 430080 2587936 0 0 0 0 0 0 0 0 0 
_2.ptx 557 : 1290240 9321632 0 0 0 0 0 0 0 0 0 
_2.ptx 558 : 1290240 9132416 0 0 0 0 0 0 0 0 0 
_2.ptx 559 : 1290240 10735776 0 0 0 0 0 0 0 0 0 
_2.ptx 560 : 1290240 9814912 0 0 0 0 0 0 0 0 0 
_2.ptx 561 : 1290240 9312256 0 0 0 0 0 0 0 0 0 
_2.ptx 562 : 1290240 9388928 0 0 0 0 0 0 0 0 0 
_2.ptx 563 : 1290240 11174560 0 0 0 0 0 0 0 0 0 
_2.ptx 564 : 1290240 9643136 0 0 0 0 0 0 0 0 0 
_2.ptx 565 : 1290240 10628224 0 0 0 0 0 0 0 0 0 
_2.ptx 566 : 1290240 7988000 0 0 0 0 0 0 0 0 0 
_2.ptx 567 : 1290240 10647680 0 0 0 0 0 0 0 0 0 
_2.ptx 568 : 1290240 5124992 0 0 0 0 0 0 0 0 0 
_2.ptx 569 : 442368 2706368 0 0 0 0 0 0 0 0 0 
_2.ptx 570 : 442368 3172768 0 0 0 0 0 0 0 0 0 
_2.ptx 571 : 442368 3268192 0 0 0 0 0 0 0 0 0 
_2.ptx 572 : 442368 2838144 0 0 0 0 0 0 0 0 0 
_2.ptx 573 : 442368 3575296 0 0 0 0 0 0 0 0 0 
_2.ptx 574 : 442368 0 0 0 0 0 0 0 0 0 0 
_2.ptx 576 : 7077888 52147424 0 0 0 0 0 0 0 0 0 
_2.ptx 577 : 7077888 46194784 0 0 0 0 0 0 0 0 0 
_2.ptx 578 : 7077888 51646976 0 0 0 0 0 0 0 0 0 
_2.ptx 579 : 7077888 52585440 0 0 0 0 0 0 0 0 0 
_2.ptx 580 : 7077888 45283072 0 0 0 0 0 0 0 0 0 
_2.ptx 581 : 7077888 52317056 0 0 0 0 0 0 0 0 0 
_2.ptx 582 : 7077888 74878848 0 0 0 0 0 0 0 0 0 
_2.ptx 583 : 7077888 79325696 0 0 0 0 0 0 0 0 0 
_2.ptx 584 : 7077888 75609824 0 0 0 0 0 0 0 0 0 
_2.ptx 585 : 7077888 79086432 0 0 0 0 0 0 0 0 0 
_2.ptx 586 : 7077888 59181152 0 0 0 221184 221184 0 0 0 0 
_2.ptx 587 : 7077888 43825856 0 0 0 0 0 0 0 0 0 
_2.ptx 588 : 7077888 44230176 0 0 0 0 0 0 0 0 0 
_2.ptx 589 : 7077888 52217248 0 0 0 0 0 0 0 0 0 
_2.ptx 590 : 7077888 51475872 0 0 0 0 0 0 0 0 0 
_2.ptx 591 : 7077888 52168000 0 0 0 0 0 0 0 0 0 
_2.ptx 592 : 7077888 74657472 0 0 0 0 0 0 0 0 0 
_2.ptx 593 : 7077888 79288256 0 0 0 0 0 0 0 0 0 
_2.ptx 594 : 7077888 74627584 0 0 0 0 0 0 0 0 0 
_2.ptx 595 : 7077888 79199712 0 0 0 0 0 0 0 0 0 
_2.ptx 596 : 7077888 59846336 0 0 0 221184 221184 0 0 0 0 
_2.ptx 597 : 7077888 93342208 0 0 0 0 0 0 0 0 0 
_2.ptx 598 : 7077888 52077792 0 0 0 0 0 0 0 0 0 
_2.ptx 599 : 7077888 51586688 0 0 0 0 0 0 0 0 0 
_2.ptx 600 : 7077888 72469120 0 0 0 0 0 0 0 0 0 
_2.ptx 601 : 7077888 51910688 0 0 0 0 0 0 0 0 0 
_2.ptx 602 : 7077888 52213792 0 0 0 0 0 0 0 0 0 
_2.ptx 603 : 7077888 46544960 0 0 0 0 0 0 0 0 0 
_2.ptx 604 : 7077888 58040256 0 0 0 0 0 0 0 0 0 
_2.ptx 605 : 7077888 41713792 0 0 0 0 0 0 0 0 0 
_2.ptx 607 : 442368 2683968 0 0 0 0 0 0 0 0 0 
_2.ptx 608 : 442368 2654208 0 0 0 0 0 0 0 0 0 
_2.ptx 609 : 442368 2654208 0 0 0 0 0 0 0 0 0 
_2.ptx 610 : 442368 3207168 0 0 0 0 0 0 0 0 0 
_2.ptx 611 : 442368 2781312 0 0 0 0 0 0 0 0 0 
_2.ptx 612 : 442368 3190656 0 0 0 0 0 0 0 0 0 
_2.ptx 613 : 442368 5536768 0 0 0 0 0 0 0 0 0 
_2.ptx 614 : 442368 4948544 0 0 0 0 0 0 0 0 0 
_2.ptx 615 : 442368 5188768 0 0 0 0 0 0 0 0 0 
_2.ptx 616 : 442368 4895488 0 0 0 0 0 0 0 0 0 
_2.ptx 617 : 442368 3726752 0 0 0 13824 13824 0 0 0 0 
_2.ptx 618 : 442368 2662656 0 0 0 0 0 0 0 0 0 
_2.ptx 619 : 442368 2713792 0 0 0 0 0 0 0 0 0 
_2.ptx 620 : 442368 3116736 0 0 0 0 0 0 0 0 0 
_2.ptx 621 : 442368 2807680 0 0 0 0 0 0 0 0 0 
_2.ptx 622 : 442368 3160416 0 0 0 0 0 0 0 0 0 
_2.ptx 623 : 442368 4819328 0 0 0 0 0 0 0 0 0 
_2.ptx 624 : 442368 4869856 0 0 0 0 0 0 0 0 0 
_2.ptx 625 : 442368 4640832 0 0 0 0 0 0 0 0 0 
_2.ptx 626 : 442368 4892800 0 0 0 0 0 0 0 0 0 
_2.ptx 627 : 442368 2422944 0 0 0 13824 13824 0 0 0 0 
_2.ptx 628 : 442368 2733440 0 0 0 0 0 0 0 0 0 
_2.ptx 629 : 442368 2697664 0 0 0 0 0 0 0 0 0 
_2.ptx 630 : 442368 3302464 0 0 0 0 0 0 0 0 0 
_2.ptx 631 : 442368 2881792 0 0 0 0 0 0 0 0 0 
_2.ptx 632 : 442368 3354368 0 0 0 0 0 0 0 0 0 
_2.ptx 633 : 442368 5298048 0 0 0 0 0 0 0 0 0 
_2.ptx 634 : 442368 4920960 0 0 0 0 0 0 0 0 0 
_2.ptx 635 : 442368 5150144 0 0 0 0 0 0 0 0 0 
_2.ptx 636 : 442368 4969152 0 0 0 0 0 0 0 0 0 
_2.ptx 637 : 442368 3796288 0 0 0 13824 13824 0 0 0 0 
_2.ptx 638 : 442368 2686368 0 0 0 0 0 0 0 0 0 
_2.ptx 639 : 442368 2743168 0 0 0 0 0 0 0 0 0 
_2.ptx 640 : 442368 3168480 0 0 0 0 0 0 0 0 0 
_2.ptx 641 : 442368 2799392 0 0 0 0 0 0 0 0 0 
_2.ptx 642 : 442368 3192000 0 0 0 0 0 0 0 0 0 
_2.ptx 643 : 442368 4773952 0 0 0 0 0 0 0 0 0 
_2.ptx 644 : 442368 4967040 0 0 0 0 0 0 0 0 0 
_2.ptx 645 : 442368 4708032 0 0 0 0 0 0 0 0 0 
_2.ptx 646 : 442368 4882336 0 0 0 0 0 0 0 0 0 
_2.ptx 647 : 442368 2224640 0 0 0 13824 13824 0 0 0 0 
_2.ptx 648 : 442368 3182912 0 0 0 0 0 0 0 0 0 
_2.ptx 649 : 442368 4536896 0 0 0 0 0 0 0 0 0 
_2.ptx 650 : 442368 3137792 0 0 0 0 0 0 0 0 0 
_2.ptx 653 : 1720320 10604064 0 0 0 0 0 0 0 0 0 
_2.ptx 654 : 1720320 12042240 0 0 0 0 0 0 0 0 0 
_2.ptx 655 : 1720320 17203200 0 0 0 0 0 0 0 0 0 
_2.ptx 656 : 1720320 12042336 0 0 0 0 0 0 0 0 0 
_2.ptx 657 : 1720320 12095552 0 0 0 0 0 0 0 0 0 
_2.ptx 658 : 1720320 12108928 0 0 0 0 0 0 0 0 0 
_2.ptx 659 : 1720320 13884544 0 0 0 0 0 0 0 0 0 
_2.ptx 660 : 1720320 10030496 0 0 0 0 0 0 0 0 0 
_2.ptx 664 : 49152 295424 0 0 0 0 0 0 0 0 0 
_2.ptx 665 : 49152 305152 0 0 0 0 0 0 0 0 0 
_2.ptx 666 : 49152 402944 0 0 0 0 0 0 0 0 0 
_2.ptx 667 : 49152 73728 0 0 0 0 0 0 0 0 0 
_2.ptx 668 : 36864 265216 0 0 0 0 0 0 0 0 0 
_2.ptx 669 : 36864 110592 0 0 0 0 0 0 0 0 0 
_2.ptx 670 : 36864 271872 0 0 0 0 0 0 0 0 0 
_2.ptx 671 : 36864 239104 0 0 0 0 0 0 0 0 0 
_2.ptx 672 : 36864 420864 0 0 0 0 0 0 0 0 0 
_2.ptx 673 : 36864 110592 0 0 0 0 0 0 0 0 0 
_2.ptx 674 : 36864 296896 0 0 0 0 0 0 0 0 0 
_2.ptx 675 : 36864 256448 0 0 0 0 0 0 0 0 0 
_2.ptx 676 : 36864 427072 0 0 0 0 0 0 0 0 0 
_2.ptx 677 : 36864 428672 0 0 0 0 0 0 0 0 0 
_2.ptx 678 : 36864 407360 0 0 0 0 0 0 0 0 0 
_2.ptx 679 : 36864 262336 0 0 0 0 0 0 0 0 0 
_2.ptx 680 : 36864 389120 0 0 0 0 0 0 0 0 0 
_2.ptx 681 : 36864 409024 0 0 0 0 0 0 0 0 0 
_2.ptx 682 : 36864 342240 147328 0 0 0 0 2304 1152 0 0 
_2.ptx 685 : 73728 444960 0 0 0 0 0 0 0 0 0 
